0.373831775701 0.45871559633
0.342105263158 0.518518518519
0.4 0.417721518987
0.302325581395 0.422222222222
0.518987341772 0.567741935484
0.356589147287 0.404109589041
0.230088495575 0.311926605505
0.282485875706 0.374331550802
0.276363636364 0.356363636364
0.213660245184 0.236749116608
0.365384615385 0.438596491228
0.220588235294 0.277777777778
0.25 0.4
0.309734513274 0.392694063927
0.29197080292 0.397435897436
0.373831775701 0.351851851852
0.181069958848 0.261818181818
0.327485380117 0.408839779006
0.315789473684 0.380228136882
0.231578947368 0.288770053476
0.303370786517 0.375690607735
0.350364963504 0.477987421384
0.369942196532 0.369942196532
0.143884892086 0.291666666667
0.305084745763 0.398305084746
0.26 0.314516129032
0.18085106383 0.246305418719
0.377952755906 0.455598455598
0.356589147287 0.417582417582
0.222222222222 0.31724137931
0.263414634146 0.298076923077
0.206572769953 0.242424242424
0.263736263736 0.301675977654
0.285714285714 0.291891891892
0.281407035176 0.380090497738
0.270833333333 0.326530612245
0.36974789916 0.432
0.176870748299 0.204379562044
0.296875 0.346456692913
0.35 0.429447852761
