0.311783783784 0.214675675676
0.384358208955 0.328208955224
0.112314606742 0.0694157303371
0.332330578512 0.27279338843
0.325448275862 0.265885057471
0.335923809524 0.239219047619
0.372510204082 0.277020408163
0.329852941176 0.277088235294
0.282085470085 0.223726495726
0.334933333333 0.28616
0.38150617284 0.300444444444
0.288987012987 0.227532467532
0.33952 0.19348
0.37061682243 0.32523364486
0.381521126761 0.310450704225
0.284133333333 0.237433333333
0.423743119266 0.285412844037
0.306459459459 0.243756756757
0.276528735632 0.23383908046
0.242517241379 0.196724137931
0.33232 0.28574
0.31696 0.28962
0.303558823529 0.235647058824
0.334883116883 0.248233766234
0.257425925926 0.255796296296
0.353489051095 0.285240875912
0.373475728155 0.300310679612
0.288703703704 0.235537037037
0.369 0.289755555556
0.34419858156 0.238
0.323345794393 0.231308411215
0.329781021898 0.265781021898
0.218186440678 0.197440677966
0.368133333333 0.299644444444
0.295481481481 0.240355555556
0.323253968254 0.30673015873
0.333791666667 0.265479166667
0.286453781513 0.273764705882
0.3873125 0.27975
0.333365853659 0.224682926829
