0.388434433431 0.461111551491
0.335633540905 0.462612448896
0.269014099766 0.420375615978
0.336657112721 0.445567449895
0.321423604578 0.461320199112
0.293859389583 0.417854431083
0.285329025351 0.389208802557
0.369903605883 0.458368916555
0.266575082667 0.412539848881
0.355298271048 0.437232999212
0.388989867959 0.446956314226
0.314164308817 0.431899740083
0.421581888269 0.466904712657
0.352261807308 0.440882875502
0.366576980723 0.454758981165
0.316635870991 0.408424108018
0.249404623782 0.391034289942
0.316481556663 0.413292758303
0.334570199618 0.423603293155
0.317628442857 0.415104242122
0.331614686577 0.441832881402
0.386388318019 0.459131498482
0.368570063257 0.378140872428
0.28465551417 0.41071112511
0.296532059843 0.442925179736
0.307205383335 0.41100082143
0.300776404161 0.401676238268
0.314549113381 0.454338400709
0.359032418004 0.449448658992
0.299621610272 0.396264799536
0.307256626526 0.370646168394
0.300334769639 0.396675611575
0.307737905034 0.401746474682
0.294122333676 0.416664165451
0.28595183406 0.413713887625
0.311916585535 0.410924296194
0.358250484254 0.475250041716
0.259774065762 0.371864350402
0.31571490992 0.451717182827
0.317418736949 0.435634686491
